Date,Open,High,Low,Close,Volume,EMA9,buy_sell,price
2004-12-06,3.220000028610229,3.2833330631256104,3.220000028610229,3.2633330821990967,2523600,3.235155320697361,B,3.276665935516357
2004-12-08,3.1700000762939453,3.2249999046325684,3.1583330631256104,3.200000047683716,2992800,3.2224994224124486,S,3.1833329105377204
2004-12-27,3.2100000381469727,3.25,3.200000047683716,3.221666097640991,4896000,3.1986885732711365,B,3.2183330154418943
2005-01-18,3.6316659450531006,3.6333329677581783,3.5,3.5,2601600,3.6113203348995766,S,3.581665983200073
2005-02-03,3.549999952316284,3.733333110809326,3.549999952316284,3.683332920074463,1645200,3.5599350845758897,B,3.643332967758178
2005-03-01,4.005000114440918,4.066666126251221,3.9416658878326416,4.066666126251221,208800,4.128345339773616,S,3.99
2005-03-07,4.166666030883789,4.266665935516357,4.166666030883789,4.199999809265137,1160400,4.150703480236215,B,4.211665878295898
2005-03-14,4.001666069030762,4.083333015441895,4.001666069030762,4.010000228881836,43200,4.154934348068843,S,4.123333206176758
2005-03-18,4.166666030883789,4.216666221618652,4.150000095367432,4.183332920074463,7401600,4.108180933950688,B,4.174999961853027
2005-03-24,4.033332824707031,4.033332824707031,3.9583330154418954,3.984999895095825,1315200,4.0973107491845076,S,4.056666126251221
2005-04-04,4.083333015441895,4.333333015441895,4.083333015441895,4.333333015441895,2733600,4.1046109597349085,B,4.2099998092651365
2005-04-07,4.041666030883789,4.125,4.041666030883789,4.099999904632568,380400,4.125560792310787,S,4.115
2005-04-11,4.158332824707031,4.208333015441895,3.920000076293945,4.133333206176758,1192800,4.132092076634568,B,4.173332939147949
2005-04-12,4.050000190734863,4.125,4.050000190734863,4.099999904632568,2767200,4.125673642234168,S,4.056666126251221
2005-05-16,3.5833330154418945,3.616666078567505,3.5833330154418945,3.5999999046325684,272400,3.5798697695188157,B,3.5933330154418943
2005-05-18,3.5333330631256104,3.5333330631256104,3.358333110809326,3.416666030883789,542400,3.5443164205584488,S,3.5233330631256106
2005-05-30,3.666666030883789,3.700000047683716,3.666666030883789,3.700000047683716,339600,3.5383935807879316,B,3.6266660785675047
2005-06-07,3.5666658878326416,3.575000047683716,3.549999952316284,3.549999952316284,270000,3.650496445227692,S,3.556665887832642
2005-06-22,3.5983328819274902,3.5983328819274902,3.5666658878326416,3.5666658878326416,1172400,3.5561037320219038,B,3.5933330154418943
2005-06-23,3.5816659927368164,3.5816659927368164,3.5,3.5,24000,3.5448829856175235,S,3.5233330631256106
2005-07-14,3.4749999046325684,3.491666078567505,3.4483330249786377,3.486665964126587,4636800,3.4708787489155535,B,3.484999904632568
2005-07-15,3.481666088104248,3.484999895095825,3.450000047683716,3.484999895095825,236400,3.473702978151608,S,3.456665983200073
2005-08-01,3.366666078567505,3.416666030883789,3.366666078567505,3.400000095367432,75600,3.3612870969064224,B,3.4000001049041746
2005-09-14,3.5833330154418945,3.5999999046325684,3.5833330154418945,3.5999999046325684,1215600,3.6338747944707404,S,3.5899999046325686
2005-09-19,3.650000095367432,3.704999923706055,3.5999999046325684,3.666666030883789,603600,3.6408103742612075,B,3.660000095367432
2005-09-21,3.650000095367432,3.666666030883789,3.549999952316284,3.5999999046325684,3501600,3.6314518952949952,S,3.5766661071777346
2005-09-28,3.6583330631256095,3.683332920074463,3.634999990463257,3.673332929611206,1494000,3.622828396475924,B,3.674999961853027
2005-10-20,3.8333330154418954,3.8333330154418954,3.8233330249786377,3.8233330249786377,36000,3.8486378913081403,S,3.8233330154418956
2005-11-07,4.0,4.050000190734863,3.950000047683716,3.998332977294922,336000,3.8179082752904394,B,3.8450000381469724
2005-12-09,4.166666030883789,4.166666030883789,4.085000038146973,4.1483330726623535,16800,4.214823301643246,S,4.12166618347168
2005-12-15,4.166666030883789,4.241665840148926,4.166666030883789,4.241665840148926,92400,4.179119262597704,B,4.176666030883789
2006-01-02,4.051665782928467,4.133333206176758,4.034999847412109,4.051665782928467,534000,4.20407253081623,S,4.156666030883789
2006-01-04,4.266665935516357,4.286665916442871,4.266665935516357,4.283332824707031,1671600,4.229939534346411,B,4.293332824707031
2006-02-15,5.25,5.25,5.116665840148926,5.208333015441895,67200,5.262389010185111,S,5.156666030883789
2006-03-03,5.283332824707031,5.416666030883789,5.25,5.393332958221436,12709200,5.263504389507111,B,5.343333015441895
2006-03-29,6.166666030883789,6.166666030883789,6.0,6.073332786560059,634800,6.196990574744892,S,6.073333015441896
2006-04-03,6.283332824707031,6.666666030883789,6.283332824707031,6.483333110809326,4225200,6.242432290571877,B,6.293332824707031
2006-05-16,7.389999866485596,7.416666030883789,7.083333015441895,7.133333206176758,240000,7.3702763146625445,S,7.206666221618653
2006-06-22,5.864999771118164,5.864999771118164,5.666666030883789,5.748332977294922,756000,5.676352048846186,B,5.770000228881836
2006-06-27,5.800000190734863,5.831665992736816,5.583333015441895,5.666666030883789,1773600,5.704905453965303,S,5.6600000762939455
2006-06-29,5.925000190734863,6.13166618347168,5.616665840148926,6.13166618347168,7128000,5.8081393074323255,B,5.8266661262512205
2006-07-18,6.433332920074463,6.481666088104248,6.25,6.333333015441895,963600,6.42569427227691,S,6.323333015441896
2006-07-25,6.574999809265137,6.59833288192749,6.5,6.548333168029785,1676400,6.482459392511281,B,6.593333015441895
2006-08-24,7.0,7.016665935516357,6.966666221618652,7.0,669600,7.158162384303617,S,6.99
2006-08-29,7.166666030883789,7.416666030883789,7.164999961853027,7.416666030883789,1680000,7.189912139420679,B,7.2099998092651365
2006-09-21,7.616665840148926,7.616665840148926,7.498332977294922,7.5,1034400,7.624080360358466,S,7.620000114440918
2006-10-02,7.633333206176758,7.633333206176758,7.416666030883789,7.466666221618652,1128000,7.460800561844021,B,7.51
2006-11-14,8.416666030883789,8.416666030883789,8.149999618530273,8.25,1926000,8.376972198657645,S,8.248333206176758
2006-11-17,8.5,8.654999732971191,8.333333015441895,8.614999771118164,4537200,8.436009750453925,B,8.593333015441894
2007-01-08,10.57166576385498,10.57166576385498,10.300000190734863,10.333333015441896,1892400,10.642506394420293,S,10.408333053588867
2007-01-12,10.783332824707031,10.833333015441896,10.666666030883787,10.833333015441896,4048800,10.628237039137463,B,10.723333129882812
2007-02-21,11.550000190734863,11.551666259765623,11.333333015441896,11.5,975600,11.533275472590697,S,11.439999809265137
2007-02-23,11.899999618530272,12.399999618530272,11.835000038146973,12.399999618530272,1364400,11.767962791105509,B,11.988333473205566
2007-03-01,11.5,11.725000381469728,11.300000190734863,11.666666030883787,5821200,11.781543927034667,S,11.391665687561035
2007-03-12,11.5,11.550000190734863,11.336666107177734,11.483332633972168,1038000,11.401084129626533,B,11.421665916442873
2007-03-23,11.664999961853027,11.666666030883787,11.416666030883787,11.583333015441896,504000,11.643926981143165,S,11.531666030883787
2007-04-10,11.625,11.648332595825195,11.5,11.533332824707031,1930800,11.41538752972341,B,11.543332824707031
2007-04-27,11.661665916442873,11.666666030883787,11.524999618530272,11.649999618530272,5200800,11.683979655650782,S,11.65333293914795
2007-05-07,11.831665992736816,11.914999961853027,11.793333053588867,11.914999961853027,933600,11.744363556529958,B,11.843333015441896
2007-05-14,11.686665534973145,11.75,11.625,11.649999618530272,1489200,11.727619291048464,S,11.62166618347168
2007-05-17,11.949999809265137,12.149999618530272,11.949999809265137,12.028332710266112,980400,11.807327461599336,B,12.01
2007-06-20,12.949999809265137,13.048333168029783,12.93333339691162,12.966666221618652,1051200,13.049731979102468,S,12.939999809265137
2007-07-12,12.5,12.638333320617676,12.43333339691162,12.583333015441896,1004400,12.509487313554963,B,12.593333015441896
2007-07-24,12.699999809265137,12.699999809265137,12.416666030883787,12.531665802001951,762000,12.715719228034985,S,12.656666030883787
2007-08-24,10.666666030883787,10.966666221618652,10.583333015441896,10.816665649414062,3306000,10.66160344436502,B,10.838332901000976
2007-08-28,10.8149995803833,10.8149995803833,10.449999809265137,10.5,1334400,10.643426204393615,S,10.573333015441897
2007-09-03,11.061665534973145,11.3149995803833,11.0,11.18333339691162,1357200,10.795147359586716,B,11.093333015441896
2007-09-10,10.783332824707031,10.783332824707031,10.583333015441896,10.666666030883787,1155600,10.850705380337306,S,10.773332824707031
2007-09-12,11.074999809265137,11.074999809265137,10.983332633972168,11.07166576385498,650400,10.91611781762242,B,11.01
2007-09-21,11.166666030883787,11.414999961853027,10.94666576385498,11.083333015441896,2574000,11.233967790489316,S,11.156666030883787
2007-09-26,11.351666450500488,11.621665954589844,11.350000381469728,11.583333015441896,2430000,11.35261808496344,B,11.438333282470703
2007-10-17,12.25,12.25,11.983332633972168,12.081665992736816,954000,12.281096378852267,S,12.131666412353516
2007-10-30,12.333333015441896,12.699999809265137,12.333333015441896,12.608332633972168,1969200,12.259365692544657,B,12.51
2007-11-09,12.68333339691162,12.733332633972168,12.199999809265137,12.733332633972168,1618800,12.65966417958661,S,12.264999618530272
2007-11-30,11.491665840148926,11.649999618530272,11.333333015441896,11.333333015441896,1759200,11.21244515203075,B,11.341665992736816
2007-12-13,11.033332824707031,11.033332824707031,10.71833324432373,10.75,2266800,11.289370838241512,S,10.99
2008-02-01,9.416666030883787,9.515000343322754,9.168333053588867,9.399999618530272,1035600,9.198828725783523,B,9.318333396911619
2008-03-10,10.498332977294922,10.498332977294922,10.233332633972168,10.398332595825195,363600,10.51365556996481,S,10.410000076293944
2008-04-02,9.225000381469728,9.395000457763672,9.119999885559082,9.350000381469728,1429400,9.123445570186913,B,9.159999618530271
2008-04-04,9.050000190734863,9.100000381469728,8.859999656677246,8.859999656677246,1275600,9.098205108462105,S,8.965000381469727
2008-04-17,8.899999618530273,9.130000114440918,8.800000190734863,9.0,1625800,8.787920101231093,B,8.895000228881836
2008-04-25,8.895000457763672,8.949999809265137,8.59000015258789,8.845000267028809,573400,8.883217777606855,S,8.620000114440918
2008-04-30,8.904999732971191,9.739999771118164,8.75,9.399999618530272,2483000,9.013807401426703,B,9.04499984741211
2008-05-16,9.489999771118164,9.494999885559082,9.25,9.300000190734863,1785000,9.430676423471352,S,9.264999618530272
2008-05-30,9.5,9.600000381469728,9.350000381469728,9.600000381469728,701400,9.269868466978485,B,9.230000267028808
2008-06-20,9.595000267028809,9.600000381469728,9.255000114440918,9.460000038146973,161600,9.660716613022045,S,9.54500030517578
2008-07-10,9.0,9.600000381469728,9.0,9.375,517400,9.110947072428228,B,9.110000381469728
2008-08-04,9.524999618530272,9.524999618530272,9.149999618530272,9.345000267028809,489800,9.701052663548166,S,9.269999732971192
2008-11-04,5.75,6.050000190734863,5.675000190734863,5.925000190734863,1799800,5.561309316954489,B,5.830000171661377
2008-12-01,5.5,5.619999885559082,5.360000133514404,5.585000038146973,591200,5.623864947610168,S,5.509999980926514
2008-12-04,5.769999980926514,5.849999904632568,5.664999961853027,5.800000190734863,986400,5.6682188485987695,B,5.740000019073486
2009-01-20,6.849999904632568,6.900000095367432,6.574999809265137,6.619999885559082,742200,6.881127205890547,S,6.74
2009-01-28,6.974999904632568,7.0,6.824999809265137,6.945000171661377,246600,6.8051149963022315,B,7.004999885559082
2009-02-10,6.800000190734863,6.894999980926514,6.610000133514404,6.650000095367432,249600,6.818592349571917,S,6.64999984741211
2009-03-24,5.574999809265137,5.650000095367432,5.570000171661377,5.635000228881836,692800,5.5034873830134305,B,5.635
2009-05-15,6.699999809265137,6.699999809265137,6.525000095367432,6.550000190734863,838600,6.657305112910269,S,6.580000152587891
2009-05-19,6.900000095367432,6.900000095367432,6.760000228881836,6.849999904632568,120800,6.718675283706665,B,6.874999771118164
2009-06-17,7.304999828338623,7.489999771118164,7.21999979019165,7.369999885559082,764600,7.4370940284824805,S,7.299999942779541
2009-06-25,7.360000133514404,7.5,7.159999847412109,7.5,444200,7.352815174170482,B,7.435000190734863
2009-07-23,8.045000076293945,8.045000076293945,7.619999885559082,7.869999885559082,1997000,7.94731763914233,S,7.830000152587891
2009-07-29,7.84499979019165,8.085000038146973,7.710000038146973,8.024999618530273,287600,7.920253198913598,B,7.919999847412109
2009-08-12,8.364999771118164,8.470000267028809,8.239999771118164,8.4399995803833,547200,8.460398420722322,S,8.3000004196167
2009-08-25,9.024999618530272,9.345000267028809,8.609999656677246,8.779999732971191,1804800,8.459461820379628,B,8.885
2009-10-01,8.979999542236328,9.020000457763672,8.8100004196167,8.949999809265137,250000,8.995321579730359,S,8.99
2009-10-05,8.920000076293945,9.274999618530272,8.920000076293945,9.229999542236328,584800,9.051005749992274,B,9.155000457763672
2009-10-26,9.3100004196167,9.475000381469728,9.050000190734863,9.09000015258789,1134800,9.330177211502608,S,9.215000381469729
2009-11-16,9.375,9.699999809265137,9.274999618530272,9.614999771118164,759600,9.3333949329158,B,9.485000381469728
2010-01-18,10.350000381469728,10.449999809265137,10.149999618530272,10.1899995803833,577200,10.327150891472957,S,10.189999809265137
2010-03-01,9.029999732971191,9.44499969482422,9.0,9.300000190734863,1022800,9.051531735812471,B,9.034999618530271
2010-03-12,9.25,9.350000381469728,8.899999618530273,9.0,771000,9.186183113965493,S,9.04500030517578
2010-03-26,8.824999809265137,9.104999542236328,8.824999809265137,8.975000381469727,440600,8.902345320222523,B,8.909999618530273
2010-04-08,8.75,8.850000381469727,8.75,8.850000381469727,36,8.901699706090993,S,8.769999732971192
2010-04-16,8.869999885559082,9.0,8.75,9.0,224400,8.896407011991801,B,8.9499995803833
2010-04-19,8.899999618530273,8.989999771118164,8.699999809265137,8.925000190734863,383400,8.902125647740414,S,8.764999618530274
2010-05-03,8.970000267028809,9.350000381469728,8.970000267028809,9.30500030517578,584,8.938855313159857,B,9.159999618530271
2010-05-20,9.125,9.300000190734863,8.800000190734863,8.824999809265137,441400,9.208242074780738,S,8.960000267028809
2010-05-27,9.25,9.335000038146973,9.0649995803833,9.295000076293944,566000,9.216184053713569,B,9.334999809265137
2010-06-11,9.43000030517578,9.545000076293944,9.210000038146973,9.324999809265137,519600,9.358800474297738,S,9.290000190734863
2010-06-24,9.28499984741211,9.5,9.085000038146973,9.324999809265137,741200,9.294288345472893,B,9.355000267028808
2010-06-30,9.475000381469728,9.475000381469728,8.960000038146973,9.324999809265137,769600,9.353220393695835,S,9.019999732971192
2010-07-06,9.44499969482422,9.5,9.414999961853027,9.449999809265137,300200,9.360855109329593,B,9.405000457763672
2010-08-25,10.630000114440918,10.630000114440918,10.359999656677246,10.550000190734863,1029000,10.60689568289614,S,10.4250004196167
2010-09-27,10.5,10.600000381469728,10.5,10.59000015258789,325600,10.556283748282807,B,10.584999809265137
2010-09-29,10.579999923706056,10.720000267028809,10.354999542236328,10.720000267028809,2315800,10.59682157906457,S,10.39999984741211
2010-11-01,12.524999618530272,12.949999809265137,12.354999542236328,12.949999809265137,968400,12.522151447426406,B,12.70499969482422
2010-11-12,12.600000381469728,12.75,12.385000228881836,12.75,322600,12.88105871613303,S,12.49
2010-11-19,12.744999885559082,13.085000038146973,12.649999618530272,13.045000076293944,656800,12.787481720318521,B,12.914999732971191
2011-01-11,14.130000114440918,14.1899995803833,13.885000228881836,13.899999618530272,710200,14.153539376829135,S,14.010000457763672
2011-02-14,12.449999809265137,13.260000228881836,12.449999809265137,13.114999771118164,1125000,12.610928779742023,B,12.749999771118164
2011-03-11,13.100000381469728,13.760000228881836,12.710000038146973,12.899999618530272,672000,13.07416173563478,S,12.939999809265137
2011-03-22,12.979999542236328,13.369999885559082,12.979999542236328,13.369999885559082,1174400,13.141715364229299,B,13.29499984741211
2011-04-13,13.699999809265137,13.885000228881836,13.28499984741211,13.399999618530272,867400,13.8448704180539,S,13.519999732971192
2011-04-19,13.69499969482422,13.789999961853027,13.664999961853027,13.75,289400,13.731898913469255,B,13.76
2011-04-27,13.449999809265137,13.635000228881836,13.085000038146973,13.25,820000,13.595865738804665,S,13.33000015258789
2011-06-17,12.55500030517578,12.9350004196167,12.350000381469728,12.449999809265137,333400,12.342676208242427,B,12.610000381469728
2011-06-20,12.31999969482422,12.414999961853027,12.03499984741211,12.225000381469728,937600,12.319141042887887,S,12.154999961853028
2011-08-31,9.545000076293944,9.975000381469728,9.300000190734863,9.8100004196167,1126400,9.40000110117061,B,9.51
2011-09-21,9.475000381469728,9.6850004196167,9.274999618530272,9.345000267028809,359200,9.438261168798826,S,9.27499984741211
2011-10-06,9.0,9.119999885559082,8.824999809265137,9.020000457763672,1058400,8.882914790226332,B,9.01
2011-11-21,9.5600004196167,9.640000343322754,9.350000381469728,9.640000343322754,346200,9.71414484058266,S,9.564999809265137
2011-12-01,9.359999656677246,10.119999885559082,9.279999732971191,10.015000343322754,1089400,9.48024901663954,B,9.409999618530271
2012-01-09,10.635000228881836,10.75,10.350000381469728,10.449999809265137,829600,10.7035600317219,S,10.564999809265137
2012-01-19,10.59000015258789,10.65999984741211,10.3149995803833,10.5600004196167,803600,10.469293011228743,B,10.51
2012-01-26,10.399999618530272,10.550000190734863,10.260000228881836,10.395000457763672,818000,10.459542449137576,S,10.314999809265137
2012-01-30,10.40999984741211,10.5649995803833,10.279999732971191,10.5649995803833,355800,10.487107083524709,B,10.51
2012-02-24,11.239999771118164,11.239999771118164,11.024999618530272,11.024999618530272,537600,11.223165731232394,S,11.194999923706057
2012-03-30,9.989999771118164,10.204999923706056,9.8149995803833,10.0600004196167,1215200,10.042722857476937,B,10.060000190734863
2012-04-04,9.779999732971191,9.96500015258789,9.649999618530272,9.93000030517578,613400,10.00579420800866,S,9.654999961853028
2012-05-04,9.850000381469728,10.074999809265137,9.649999618530272,9.829999923706056,1075400,9.635674355344358,B,9.860000381469728
2012-05-09,9.6899995803833,9.699999809265137,9.40999984741211,9.40999984741211,883800,9.649865263832798,S,9.404999961853028
2012-05-28,9.164999961853027,9.274999618530272,9.0600004196167,9.25,951200,9.121289234618636,B,9.129999885559082
2012-05-31,8.925000190734863,8.944999694824219,8.585000038146973,8.944999694824219,2858400,9.05334004784154,S,8.790000190734863
2012-06-13,8.699999809265137,8.84000015258789,8.699999809265137,8.78499984741211,676000,8.693222344523301,B,8.76
2012-06-22,8.670000076293945,8.6850004196167,8.475000381469727,8.545000076293945,554400,8.691789293802932,S,8.585000267028809
2012-07-03,8.5600004196167,8.949999809265137,8.545000076293945,8.895000457763672,1024800,8.602603370928055,B,8.690000305175781
2012-07-06,8.585000038146973,8.630000114440918,8.475000381469727,8.600000381469727,1606600,8.625013043713018,S,8.474999656677246
2012-07-19,8.354999542236328,8.5600004196167,8.350000381469727,8.550000190734863,641800,8.432474993774742,B,8.480000267028808
2012-07-23,8.300000190734863,8.425000190734863,8.255000114440918,8.329999923706055,932200,8.398784041792203,S,8.319999923706055
2012-07-27,8.46500015258789,8.699999809265137,8.380000114440918,8.4399995803833,416200,8.36574188400881,B,8.459999809265137
2012-08-23,9.78499984741211,9.869999885559082,9.515000343322754,9.654999732971191,720600,9.709268408977817,S,9.689999809265137
2012-09-06,9.595000267028809,9.75,9.585000038146973,9.725000381469728,1249600,9.554395854915947,B,9.610000381469728
2012-12-06,11.220000267028809,11.25,10.880000114440918,11.100000381469728,1188800,11.201602088142604,S,11.085000267028809
2012-12-18,11.255000114440918,11.375,11.15999984741211,11.265000343322754,689200,11.163757703337513,B,11.270000228881836
2013-01-14,11.904999732971191,12.029999732971191,11.774999618530272,11.835000038146973,1468000,11.844511823651025,S,11.79500030517578
2013-01-24,11.989999771118164,12.074999809265137,11.93000030517578,12.039999961853027,1032400,11.825844756586095,B,12.004999885559082
2013-01-31,11.699999809265137,12.0,11.505000114440918,11.949999809265137,1842000,11.85978591433624,S,11.590000381469729
2013-02-13,11.949999809265137,12.1850004196167,11.94499969482422,12.074999809265137,1619200,11.965422183124302,B,12.110000381469728
2013-03-22,13.5600004196167,13.649999618530272,13.399999618530272,13.475000381469728,508800,13.476290390358267,S,13.465000381469729
2013-03-27,13.84000015258789,14.039999961853027,13.654999732971191,13.854999542236328,1134800,13.59006047844742,B,13.869999656677246
2013-04-05,13.675000190734863,13.739999771118164,13.31999969482422,13.585000038146973,1597400,13.67658967838097,S,13.615
2013-05-02,12.449999809265137,12.609999656677246,12.3149995803833,12.5,1878800,12.49568065953887,B,12.56500030517578
2013-05-16,12.6850004196167,12.755000114440918,12.539999961853027,12.600000381469728,1035800,12.747160738992257,S,12.615
2013-05-20,12.670000076293944,13.364999771118164,12.635000228881836,13.31999969482422,1138600,12.895782818023406,B,12.999999771118164
2013-05-31,13.109999656677246,13.364999771118164,12.94499969482422,13.1850004196167,2568000,13.291742908248708,S,13.24
2013-07-11,12.140000343322754,12.649999618530272,12.045000076293944,12.649999618530272,2118000,11.900872694125683,B,12.070000419616699
2013-07-30,12.744999885559082,12.744999885559082,12.289999961853027,12.40999984741211,975600,12.60767217307266,S,12.535000076293944
2013-08-01,12.875,13.109999656677246,12.8100004196167,12.925000190734863,913000,12.709910289948631,B,12.9499995803833
2013-08-08,12.890000343322754,13.21500015258789,12.55500030517578,12.75,611600,12.85683787646662,S,12.679999580383301
2013-08-12,13.609999656677246,13.880000114440918,13.470000267028809,13.529999732971191,913000,13.112776150911783,B,13.770000228881836
2013-08-16,13.270000457763672,13.5,13.015000343322754,13.149999618530272,577400,13.224577025598037,S,13.010000457763672
2013-09-06,13.045000076293944,13.380000114440918,12.869999885559082,13.25,765200,13.025861809765379,B,13.084999809265137
2013-10-25,14.345000267028809,14.510000228881836,14.135000228881836,14.350000381469728,610600,14.440991465706274,S,14.245000114440918
2013-11-19,13.984999656677246,14.170000076293944,13.729999542236328,13.850000381469728,945000,13.833055627618382,B,14.105000267028808
2013-11-21,13.845000267028809,14.020000457763672,13.774999618530272,13.875,979000,13.841444502094706,S,13.825000038146973
2013-12-17,14.470000267028809,14.609999656677246,14.369999885559082,14.40999984741211,621600,14.373445589711444,B,14.595000038146972
2013-12-18,14.454999923706056,14.59000015258789,14.274999618530272,14.274999618530272,1056400,14.35375639547521,S,14.30999969482422
2013-12-20,14.71500015258789,15.029999732971191,14.65999984741211,14.800000190734863,1018400,14.485604112940562,B,14.629999885559082
2014-01-03,14.760000228881836,14.765000343322754,14.5,14.640000343322754,574000,14.689622771294117,S,14.590000381469729
2014-01-15,14.239999771118164,14.670000076293944,14.239999771118164,14.5,1000200,14.291628627550203,B,14.414999732971191
2014-01-27,14.44499969482422,14.529999732971191,14.085000038146973,14.154999732971191,931600,14.468995117674533,S,14.264999618530272
2014-02-07,14.375,14.579999923706056,14.300000190734863,14.43000030517578,1183600,14.195824568486982,B,14.409999618530271
2014-02-17,14.399999618530272,14.6850004196167,14.375,14.399999618530272,463400,14.557334709680479,S,14.49
2014-02-19,14.479999542236328,14.960000038146973,14.479999542236328,14.864999771118164,1037400,14.625694229454298,B,14.789999732971191
2014-03-11,15.75,16.014999389648438,15.630000114440918,15.774999618530272,986800,15.910171133851469,S,15.790000190734863
2014-03-13,16.225000381469727,16.25,15.9399995803833,16.075000762939453,1485400,15.9703096660458,B,16.219999084472658
2014-03-17,15.989999771118164,16.264999389648438,15.84000015258789,15.880000114440918,1826200,15.950598215261012,S,15.910000076293944
2014-03-19,15.960000038146973,16.4950008392334,15.960000038146973,16.385000228881836,1817000,16.03978292795748,B,16.135
2014-03-31,15.774999618530272,15.994999885559082,15.65999984741211,15.925000190734863,1417400,16.20473482642887,S,15.885000457763672
2014-04-11,15.984999656677246,16.06999969482422,15.800000190734863,15.94499969482422,1642200,15.8012261963317,B,16.05999923706055
2014-04-30,16.690000534057617,16.864999771118164,16.204999923706055,16.204999923706055,1967200,16.6824619816457,S,16.559999694824217
2014-06-04,16.475000381469727,16.649999618530273,16.125,16.475000381469727,1677600,16.178858561693254,B,16.460000762939455
2014-06-23,17.020000457763672,17.020000457763672,16.315000534057617,16.450000762939453,1588400,16.89967963156938,S,17.000000228881834
2014-07-02,16.200000762939453,16.375,16.104999542236328,16.3700008392334,697400,16.208252534568746,B,16.284999618530275
2014-07-16,16.104999542236328,16.19499969482422,15.9350004196167,16.09000015258789,807000,16.321047847596706,S,15.95500015258789
2014-08-13,15.84000015258789,16.274999618530273,15.824999809265137,16.155000686645508,1254400,15.833054217882587,B,15.989999542236328
2014-09-05,16.40999984741211,16.549999237060547,16.190000534057617,16.3700008392334,445400,16.48841143705207,S,16.305000534057616
2014-10-06,15.44499969482422,15.44499969482422,14.899999618530272,15.0,1306600,14.869508082476953,B,14.95499969482422
2014-10-08,14.949999809265137,15.0,14.395000457763672,14.449999809265137,792400,14.782485195673436,S,14.500000228881836
2014-10-20,14.619999885559082,15.234999656677246,14.619999885559082,15.125,1635200,14.557528630205924,B,15.01
2014-10-22,14.539999961853027,14.795000076293944,14.3149995803833,14.505000114440918,790400,14.537818346219977,S,14.439999809265137
2014-10-27,14.5,14.9399995803833,13.829999923706056,14.625,1270600,14.58436299326463,B,14.900000343322754
2014-11-07,14.600000381469728,14.859999656677246,14.234999656677246,14.4399995803833,984600,14.687255290869688,S,14.439999809265137
2014-11-13,14.875,14.989999771118164,14.5649995803833,14.75,812600,14.7000117483414,B,14.885
2014-11-14,14.75,14.755000114440918,14.369999885559082,14.454999923706056,1378800,14.651009383414332,S,14.540000190734863
2014-11-19,14.895000457763672,15.28499984741211,14.869999885559082,15.170000076293944,1266800,14.786516740221225,B,15.01
2014-12-03,15.1850004196167,15.3149995803833,14.895000457763672,15.05500030517578,1144400,15.268070496775604,S,15.010000457763672
2014-12-22,14.649999618530272,14.975000381469728,14.630000114440918,14.649999618530272,861000,14.506366797778407,B,14.655000457763672
2015-01-09,15.0,15.225000381469728,14.824999809265137,14.96500015258789,842400,15.157021233332529,S,15.189999809265137
2015-01-22,14.734999656677246,15.140000343322754,14.595000267028809,14.779999732971191,1068800,14.583366512111922,B,14.805000076293943
2015-01-29,14.354999542236328,14.604999542236328,14.18000030517578,14.18000030517578,1278800,14.529986364372432,S,14.319999923706057
2015-02-10,14.005000114440918,14.164999961853027,13.904999732971191,14.0,1143600,13.999409031642797,B,14.049999961853027
2015-03-10,14.600000381469728,15.3100004196167,14.5600004196167,15.21500015258789,1966000,15.269335221913941,S,14.750000228881836
2015-03-12,15.654999732971191,15.824999809265137,15.404999732971191,15.795000076293944,1604000,15.444974563387229,B,15.749999771118164
2015-04-17,18.299999237060547,18.3799991607666,17.854999542236328,18.20499992370605,2064200,18.2839030239404,S,18.25499938964844
2015-04-30,18.0049991607666,18.84499931335449,18.0049991607666,18.84499931335449,2062400,18.274014807204477,B,18.460000762939455
2015-05-21,18.614999771118164,19.01499938964844,18.549999237060547,18.645000457763672,949400,19.132509076739865,S,18.865
2015-06-16,17.954999923706055,18.104999542236328,17.84000015258789,17.954999923706055,1036000,17.95196824454643,B,18.110000381469728
2015-07-17,19.905000686645508,20.155000686645508,19.46999931335449,19.6200008392334,976000,20.1710599043123,S,19.824999084472655
2015-07-31,19.20499992370605,19.7450008392334,19.19499969482422,19.475000381469727,1189800,19.213391173945283,B,19.635
2015-08-05,19.28499984741211,19.315000534057617,18.38999938964844,18.450000762939453,1768200,19.131896448296317,S,18.49
2015-09-15,16.690000534057617,17.2549991607666,16.364999771118164,17.174999237060547,1216000,16.366073535499982,B,16.725000152587892
2015-09-21,16.46500015258789,16.6200008392334,15.920000076293944,15.925000190734863,897200,16.474463838854174,S,16.17499946594238
2015-10-05,16.200000762939453,17.454999923706055,15.979999542236328,17.200000762939453,1813000,15.898348707930806,B,16.210000762939455
2015-10-29,16.75,16.979999542236328,16.299999237060547,16.299999237060547,1510000,17.042773725036366,S,17.13500045776367
2015-11-06,16.655000686645508,16.94499969482422,16.350000381469727,16.610000610351562,1224000,16.55804508591914,B,16.725000152587892
2015-11-10,16.190000534057617,16.344999313354492,15.649999618530272,15.925000190734863,725200,16.374948880928194,S,15.694999923706057
2015-11-12,16.829999923706055,17.55500030517578,16.760000228881836,17.0,1504800,16.579967283794048,B,16.885
2015-11-30,17.0049991607666,17.739999771118164,16.270000457763672,16.270000457763672,1920800,16.984933206661896,S,16.914999237060545
2015-12-02,17.540000915527344,17.889999389648438,17.084999084472656,17.334999084472656,1159000,17.121357008122988,B,17.444999465942384
2015-12-08,17.559999465942383,17.559999465942383,16.604999542236328,16.690000534057617,802200,17.235996084311356,S,16.615
2016-01-29,12.69499969482422,13.164999961853027,12.5,13.085000038146973,3141800,12.497552146552382,B,12.525000343322754
2016-02-05,12.6899995803833,12.6899995803833,11.68000030517578,11.774999618530272,2062000,12.53010182964303,S,12.104999771118164
2016-02-19,12.19499969482422,12.395000457763672,11.914999961853027,12.074999809265137,801600,12.000359889894693,B,12.275000343322754
2016-02-24,11.800000190734863,11.920000076293944,11.399999618530272,11.550000190734863,1711000,11.99850424806212,S,11.639999618530272
2016-03-01,11.880000114440918,12.21500015258789,11.75,12.204999923706056,741400,11.886243214640034,B,11.964999923706056
2016-03-16,12.864999771118164,13.274999618530272,12.574999809265137,13.095000267028809,1560400,13.340364122309301,S,12.960000267028809
2016-04-01,14.545000076293944,14.545000076293944,14.545000076293944,14.545000076293944,1800,13.957307433960578,B,14.345000038146972
2016-04-25,14.835000038146973,14.835000038146973,13.619999885559082,13.744999885559082,2711800,14.538302273172329,S,13.620000114440918
2016-06-03,13.25,13.369999885559082,12.890000343322754,13.149999618530272,1351400,13.089740763505084,B,13.249999771118164
2016-07-05,13.234999656677246,13.30500030517578,12.925000190734863,12.975000381469728,968200,13.236938901264683,S,13.224999656677246
2016-07-11,13.300000190734863,13.635000228881836,13.295000076293944,13.5,1521000,13.23289008484669,B,13.305000076293943
2016-07-28,14.0,14.015000343322754,13.579999923706056,13.675000190734863,549800,14.051723566721998,S,13.880000343322754
2016-08-11,13.93000030517578,14.21500015258789,13.80500030517578,14.125,1049400,13.981095603939153,B,14.01
2016-08-17,13.9350004196167,13.989999771118164,13.630000114440918,13.78499984741211,964600,13.93981672031098,S,13.865
2016-08-30,13.59000015258789,13.96500015258789,13.545000076293944,13.8100004196167,544400,13.57432091149466,B,13.595000038146972
2016-10-28,15.4399995803833,15.5649995803833,15.074999809265137,15.199999809265137,765200,15.536908250088144,S,15.474999656677246
2016-11-18,14.9399995803833,15.204999923706056,14.864999771118164,14.899999618530272,946000,14.721320578223276,B,15.04499984741211
2016-11-22,14.664999961853027,14.84000015258789,14.114999771118164,14.210000038146973,1932200,14.608445134967681,S,14.24
2017-01-03,13.520000457763672,13.9350004196167,13.390000343322754,13.720000267028809,620400,13.339130551952467,B,13.539999732971191
2017-01-16,13.574999809265137,13.65999984741211,13.300000190734863,13.364999771118164,322000,13.629194267296613,S,13.54500030517578
2017-01-24,13.479999542236328,13.734999656677246,13.145000457763672,13.364999771118164,794600,13.282995399589215,B,13.390000114440918
2017-01-31,13.479999542236328,13.595000267028809,13.140000343322754,13.140000343322754,1087400,13.391914904990593,S,13.389999618530272
2017-02-14,13.454999923706056,13.729999542236328,13.274999618530272,13.449999809265137,1336600,13.16862287327138,B,13.539999732971191
2017-03-20,13.949999809265137,14.229999542236328,13.920000076293944,14.050000190734863,2074600,14.521894796167427,S,14.075000038146973
2017-03-30,14.1899995803833,14.585000038146973,14.109999656677246,14.404999732971191,706600,14.256636613478683,B,14.355000267028808
2017-04-19,14.369999885559082,14.369999885559082,14.109999656677246,14.279999732971191,665800,14.372254445182016,S,14.24
2017-04-28,14.345000267028809,14.414999961853027,14.199999809265137,14.359999656677246,709200,14.314121797292934,B,14.35000015258789
2017-05-18,14.050000190734863,15.664999961853027,14.050000190734863,14.994999885559082,2898200,15.113879538206762,S,14.094999542236328
2017-05-23,15.4399995803833,16.350000381469727,15.425000190734863,16.34000015258789,2115200,15.402306445632178,B,15.72500015258789
2017-06-02,16.05500030517578,16.209999084472656,15.739999771118164,15.739999771118164,867400,15.985778708167395,S,15.875000228881836
2017-06-19,15.585000038146973,15.78499984741211,15.55500030517578,15.675000190734863,1215600,15.400218642677682,B,15.605000267028808
2017-06-21,15.505000114440918,15.574999809265137,14.864999771118164,15.18000030517578,1520200,15.372139992348874,S,14.969999542236328
2017-07-12,14.960000038146973,15.375,14.960000038146973,15.1850004196167,930800,14.939168828046391,B,15.055000076293943
2017-07-26,15.454999923706056,15.529999732971191,15.095000267028809,15.109999656677246,1276400,15.389991682453203,S,15.365
2017-07-31,15.574999809265137,15.760000228881836,15.574999809265137,15.75,1112000,15.471115652304713,B,15.584999809265137
2017-09-27,18.73500061035156,18.84000015258789,18.51499938964844,18.70499992370605,985400,18.89589484644967,S,18.680000534057616
2017-10-02,18.834999084472656,19.200000762939453,18.61000061035156,18.94499969482422,1113200,18.8452979538627,B,19.03499961853028
2017-10-06,18.5,19.34000015258789,18.2450008392334,19.1200008392334,1890200,18.943834405061345,S,18.33000015258789
2017-10-19,19.145000457763672,19.31999969482422,19.065000534057617,19.229999542236328,683200,19.13263154841846,B,19.26
2017-10-24,18.95499992370605,19.149999618530277,18.674999237060547,18.700000762939453,950200,19.04150766406955,S,18.934999694824217
2017-11-14,18.405000686645508,18.774999618530277,18.3799991607666,18.600000381469727,1674000,18.349521642084497,B,18.714999923706053
2017-11-24,18.7549991607666,18.7549991607666,18.21500015258789,18.23500061035156,551000,18.59794998578114,S,18.590000381469725
2017-11-28,18.774999618530277,19.114999771118164,18.6299991607666,18.809999465942383,926200,18.664687884088405,B,18.860000381469728
2017-11-30,18.5,18.540000915527344,17.860000610351562,17.915000915527344,720800,18.494000404507986,S,18.020000686645506
2017-12-28,18.09499931335449,18.354999542236328,17.899999618530273,18.165000915527344,683200,17.967327028926572,B,18.360000381469728
2018-02-09,21.184999465942383,21.690000534057617,20.864999771118164,21.045000076293945,1308200,21.711366663043442,S,21.37999938964844
2018-02-26,22.065000534057617,22.584999084472656,21.989999771118164,22.309999465942383,1054200,21.749336516066958,B,22.155000457763673
2018-04-02,24.225000381469727,24.34000015258789,23.274999618530277,23.5,963600,24.269990572525558,S,23.8699991607666
2018-05-02,22.875,24.25,22.854999542236328,23.834999084472656,2013600,22.772567235037663,B,22.80999923706055
2018-05-07,22.5,23.059999465942383,22.25,22.795000076293945,1032000,22.812474422508227,S,22.270000686645506
2018-05-09,23.51499938964844,24.239999771118164,23.434999465942383,24.125,1414000,23.16098369144042,B,23.624999771118166
2018-05-15,23.4950008392334,23.73500061035156,22.655000686645508,22.68000030517578,1731200,23.39169880770931,S,22.750000228881838
2018-07-04,20.5,21.01000022888184,20.114999771118164,20.13500022888184,519800,20.064959845683894,B,20.850000152587892
2018-07-05,20.125,20.405000686645508,19.989999771118164,20.09000015258789,486200,20.069967907064694,S,20.059999694824217
2018-07-13,20.649999618530277,21.3700008392334,20.424999237060547,21.34499931335449,1355600,20.341181201828956,B,20.735000381469728
2018-08-31,27.5,27.924999237060547,27.40999984741211,27.440000534057617,2311600,27.64497230748182,S,27.500000228881838
2018-09-06,28.325000762939453,29.26499938964844,28.229999542236328,28.950000762939453,2743000,28.008676781412134,B,28.300000915527345
2018-09-11,28.09000015258789,28.670000076293945,27.170000076293945,28.450000762939453,1823200,28.134753426969006,S,27.555000534057616
2018-09-14,28.475000381469727,28.774999618530277,28.40999984741211,28.71999931335449,1395600,28.287233790618874,B,28.655000457763673
2018-09-21,28.53499984741211,28.774999618530277,28.2549991607666,28.2549991607666,2017200,28.532870996171134,S,28.449999084472655
2018-09-26,28.920000076293945,30.25,28.84000015258789,30.104999542236328,2130200,28.8978299805572,B,29.07999969482422
2018-10-08,30.0,30.0,27.88500022888184,28.364999771118164,2250400,29.27745247083933,S,28.055000534057616
2018-10-31,27.200000762939453,27.420000076293945,26.600000381469727,27.190000534057617,1719200,26.79056360721048,B,26.98999954223633
2018-11-19,27.06999969482422,27.2450008392334,26.0049991607666,26.3700008392334,1389600,26.97689307342001,S,26.00499938964844
2018-11-26,27.190000534057617,27.5,27.01499938964844,27.1200008392334,1166200,26.94429582462577,B,27.23999954223633
2018-11-27,26.51000022888184,26.924999237060547,26.395000457763672,26.645000457763672,1264200,26.884436751253354,S,26.639999618530275
2018-12-06,27.25,27.924999237060547,27.1299991607666,27.63999938964844,1806400,26.923905675195982,B,27.3800008392334
2018-12-13,27.0,27.01499938964844,26.059999465942383,26.25,1502800,26.932713465847446,S,26.110000839233397
2019-01-11,25.524999618530277,27.01000022888184,25.25,26.905000686645508,2899000,25.595602000030993,B,25.82999969482422
2019-02-18,29.530000686645508,30.290000915527344,29.170000076293945,29.59000015258789,1202600,29.651480184921443,S,29.38500045776367
2019-04-08,27.63500022888184,27.934999465942383,27.280000686645508,27.895000457763672,903000,27.201250868897198,B,27.51
2019-04-10,27.21999931335449,27.290000915527344,25.979999542236328,26.56999969482422,3006200,27.07800038519577,S,26.639999618530275
2019-04-16,27.34000015258789,28.3700008392334,26.975000381469727,28.0,1045200,27.210572737073072,B,27.72999931335449
2019-04-30,27.979999542236328,27.979999542236328,27.0,27.059999465942383,1289800,27.704384449267646,S,27.014999618530275
2019-05-23,25.950000762939453,26.155000686645508,25.70499992370605,26.030000686645508,1327400,25.544640588309584,B,25.52000022888184
2019-06-12,27.09499931335449,27.46500015258789,26.5,26.71500015258789,1798000,26.960114593575515,S,26.850000610351557
2019-06-21,27.114999771118164,27.309999465942383,26.780000686645508,27.075000762939453,885800,26.87811236522334,B,27.249999771118166
2019-06-25,27.0049991607666,27.05500030517578,26.420000076293945,26.420000076293945,1023800,26.792392075486106,S,26.729999771118162
2019-07-05,26.78499984741211,27.424999237060547,26.700000762939453,27.25,1254400,26.478973793899318,B,26.960000762939455
2019-07-15,26.65999984741211,27.024999618530277,26.149999618530277,26.149999618530277,1240800,26.74639945346365,S,26.19499992370605
2019-08-01,25.934999465942383,27.040000915527344,25.934999465942383,26.450000762939453,2526800,26.033560913906406,B,26.085000762939455
2019-08-15,27.200000762939453,27.200000762939453,26.405000686645508,26.450000762939453,2537000,26.940667466635443,S,26.67000030517578
2019-09-02,28.024999618530277,28.950000762939453,27.934999465942383,28.5,2327600,27.564483669146778,B,28.249999771118166
2019-10-02,28.770000457763672,28.770000457763672,28.100000381469727,28.100000381469727,1656600,28.938450118230037,S,28.899999847412108
2019-10-14,28.299999237060547,28.600000381469727,28.21999931335449,28.350000381469727,754600,28.20251368858791,B,28.430000076293947
2019-10-30,28.200000762939453,28.200000762939453,27.71500015258789,28.100000381469727,654000,28.370838967333434,S,27.850000610351557
2019-11-01,28.700000762939453,29.21500015258789,28.520000457763672,29.0,1239400,28.549337061163712,B,28.930000076293947
2019-11-06,28.09000015258789,28.334999084472656,27.709999084472656,27.9950008392334,1552400,28.424260743162503,S,27.889999618530275
2019-11-19,29.09499931335449,29.354999542236328,29.0049991607666,29.274999618530277,1333000,28.578435813974014,B,29.344999084472658
2019-12-11,29.51000022888184,29.850000381469727,29.3700008392334,29.65999984741211,1055400,29.717910506839843,S,29.3699991607666
2019-12-13,30.020000457763672,30.38500022888184,29.950000762939453,30.1299991607666,568400,29.845462556530823,B,30.155000457763673
2020-01-27,32.5,32.5,31.56999969482422,31.729999542236328,1297600,32.464463104455504,S,32.495001068115236
2020-01-29,32.46500015258789,33.494998931884766,32.20500183105469,33.494998931884766,1921400,32.67385627088473,B,32.49500061035156
2020-02-14,33.185001373291016,33.505001068115234,32.77000045776367,33.025001525878906,668600,33.17400078884732,S,32.80000137329102
2020-04-07,23.100000381469727,24.100000381469727,23.100000381469727,23.229999542236328,2002400,22.664048363133706,B,22.655000457763673
2020-04-23,23.145000457763672,23.295000076293945,22.530000686645508,22.665000915527344,1147400,23.15641406562336,S,22.719999542236327
2020-05-19,21.649999618530277,22.93000030517578,21.56999969482422,22.315000534057617,2553600,21.12353415501275,B,21.710000762939455
2020-06-30,25.71999931335449,26.049999237060547,25.209999084472656,25.209999084472656,1896400,26.089077045262588,S,25.840000381469725
2020-07-06,26.69499969482422,26.7450008392334,26.239999771118164,26.489999771118164,1007600,26.142901817724912,B,26.319999465942384
2020-07-31,27.03499984741211,27.084999084472656,26.15999984741211,27.01499938964844,2483200,27.042867334138307,S,26.334999313354487
2020-08-04,27.049999237060547,29.13999938964844,26.9950008392334,28.520000457763672,4516400,27.34263513657313,B,27.68499923706055
2020-08-17,28.31999969482422,28.649999618530277,27.4950008392334,27.4950008392334,1190000,28.459425659262067,S,28.469999542236327
2020-10-15,24.440000534057617,24.854999542236328,24.174999237060547,24.5049991607666,2288400,24.375723807530807,B,24.79499984741211
2020-10-29,24.90999984741211,25.155000686645508,24.32999992370605,24.56999969482422,2637600,25.237335255240282,S,24.889999618530275
2020-11-06,25.415000915527344,25.545000076293945,25.165000915527344,25.399999618530277,1558400,24.990621287799446,B,25.524999389648443
2020-11-11,26.209999084472656,26.31999969482422,24.81999969482422,24.905000686645508,5235600,25.220998163440235,S,24.914999237060545
2020-11-17,24.93000030517578,25.700000762939453,24.86000061035156,25.31999969482422,4108600,24.983640623135752,B,25.07500053405762
2020-11-24,25.0,25.13500022888184,24.59499931335449,24.700000762939453,4975000,25.035699302996175,S,24.76000045776367
2020-12-11,24.190000534057617,25.0,24.045000076293945,24.82999992370605,3519600,24.190235210284293,B,24.35499931335449
2021-01-05,23.915000915527344,24.075000762939453,23.334999084472656,23.68000030517578,1741800,24.233458680380316,S,23.45500015258789
2021-02-03,24.76000022888184,25.13500022888184,24.614999771118164,24.924999237060547,1413600,24.614858667442437,B,24.93499923706055
2021-02-09,24.875,24.899999618530277,24.295000076293945,24.71999931335449,2515600,24.833030103714705,S,24.475000610351557
2021-03-15,22.145000457763672,22.56999969482422,21.934999465942383,22.450000762939453,1236200,22.048908844241964,B,22.300000915527345
2021-04-16,23.174999237060547,23.395000457763672,22.86000061035156,23.395000457763672,1673200,23.4256070668283,S,23.024999847412108
2021-04-26,24.229999542236328,24.32999992370605,23.915000915527344,24.084999084472656,1231600,23.790606563795016,B,24.214999923706053
2021-05-19,25.604999542236328,25.924999237060547,25.520000457763672,25.875,1318400,26.10328510397183,S,25.600000610351557
2021-05-28,26.2450008392334,26.520000457763672,26.11000061035156,26.475000381469727,1641200,25.975615237120266,B,26.225000152587892
2021-06-24,27.21500015258789,27.34000015258789,26.5049991607666,26.899999618530277,1996400,27.226912991059084,S,26.9949991607666
2021-08-12,27.57999992370605,28.28499984741211,27.549999237060547,27.780000686645508,4058600,26.92051125097654,B,27.600000152587892
2021-09-01,28.575000762939453,28.65999984741211,27.975000381469727,28.270000457763672,4013600,28.61583927158054,S,28.12999938964844
2021-10-20,23.5049991607666,24.049999237060547,23.434999465942383,23.71999931335449,3334800,23.42827486198877,B,23.51
2021-10-22,23.899999618530277,24.239999771118164,22.690000534057617,23.809999465942383,5536600,23.583295817068322,S,22.949999084472655
2021-11-08,24.25,24.57999992370605,23.940000534057617,24.09000015258789,2072300,23.783211601282012,B,24.399999389648443
2021-11-18,24.26000022888184,24.36000061035156,23.61000061035156,23.82999992370605,1427900,24.23623416195577,S,23.76000045776367
2022-01-27,19.350000381469727,20.149999618530277,19.34000015258789,19.989999771118164,2384100,19.344549618256522,B,19.569999465942384
2022-02-23,21.25,21.36000061035156,21.01000022888184,21.030000686645508,1080100,21.129567627828866,S,21.020000686645506
2022-03-21,20.049999237060547,20.700000762939453,19.86000061035156,20.09000015258789,2752300,19.858779135556233,B,20.01
2022-04-06,20.600000381469727,20.649999618530277,20.200000762939453,20.46999931335449,1110600,20.706977449521716,S,20.399999847412108
2022-04-11,21.32999992370605,22.040000915527344,21.190000534057617,21.61000061035156,3385600,20.975492412651214,B,21.469999084472658
2022-04-14,20.76000022888184,21.149999618530277,20.350000381469727,20.81999969482422,1362800,20.984412198285234,S,20.51000045776367
2022-04-19,21.18000030517578,21.3700008392334,20.959999084472656,21.07999992370605,1294600,21.026823657366418,B,21.29000068664551
2022-04-22,20.950000762939453,21.3700008392334,20.729999542236328,20.780000686645508,1259700,20.985967265836578,S,20.809999694824217
2022-05-16,19.8700008392334,20.149999618530277,19.549999237060547,20.149999618530277,1247000,19.65123743742535,B,20.04000068664551
2022-06-06,20.1200008392334,20.21999931335449,19.36000061035156,19.559999465942383,1869900,20.300401733246666,S,19.949999084472655
2022-07-22,18.1299991607666,18.5,17.84000015258789,18.43000030517578,2011800,18.032055903646125,B,18.29000068664551
2022-08-19,20.440000534057617,20.90999984741211,20.270000457763672,20.729999542236328,3779600,20.940248760180733,S,20.340000381469725
2022-08-24,21.07999992370605,21.549999237060547,20.899999618530277,21.5,2627800,21.066207230935195,B,21.069999465942384
2022-09-08,21.450000762939453,21.690000534057617,21.1299991607666,21.170000076293945,2168200,21.57292879103693,S,21.199999084472655
2022-09-12,21.959999084472656,22.09000015258789,21.649999618530277,21.770000457763672,1158200,21.651874468988247,B,22.07999969482422
2022-09-26,21.899999618530277,21.899999618530277,21.3799991607666,21.46999931335449,727100,22.14556014881298,S,21.850000610351557
2022-10-04,21.959999084472656,22.299999237060547,21.3799991607666,21.63999938964844,1598200,21.62682935197465,B,21.87000061035156
2022-10-06,21.559999465942383,21.809999465942383,21.34000015258789,21.399999618530277,1414500,21.562770745590925,S,21.399999847412108
2022-10-13,21.299999237060547,22.229999542236328,21.11000061035156,21.899999618530277,2741300,21.616270708795412,B,21.87000061035156
2022-10-25,21.88999938964844,21.899999618530277,21.26000022888184,21.670000076293945,2402500,21.919137423979855,S,21.410000076293944
2022-10-28,22.07999992370605,22.530000686645508,22.0,22.40999984741211,1543300,21.967638308587457,B,22.29000068664551
2022-11-16,22.1299991607666,22.56999969482422,21.899999618530277,22.200000762939453,2773800,22.895005349763945,S,22.000000228881838
2022-11-24,22.96999931335449,23.68000030517578,22.8799991607666,23.520000457763672,1443200,22.720098516539384,B,23.07999969482422
2022-12-06,23.420000076293945,23.82999992370605,22.84000015258789,23.200000762939453,3879300,23.415187815475974,S,23.1199991607666
2022-12-21,22.15999984741211,22.6299991607666,22.11000061035156,22.440000534057617,1724000,21.933894459365646,B,22.460000762939455
2023-01-03,22.63999938964844,22.84000015258789,22.06999969482422,22.209999084472656,1009900,22.61391858419497,S,22.49
2023-01-09,22.690000534057617,23.170000076293945,22.489999771118164,23.01000022888184,1770700,22.674133046104817,B,22.889999160766603
2023-01-23,23.36000061035156,23.6200008392334,23.1200008392334,23.200000762939453,829600,23.371357687757065,S,23.33000015258789
2023-01-25,23.549999237060547,24.09000015258789,23.43000030517578,23.850000381469727,2240700,23.502069020872533,B,23.76
2023-03-01,26.43000030517578,26.43000030517578,25.63999938964844,26.11000061035156,2635500,26.638987334685435,S,26.42000030517578
2023-03-08,26.450000762939453,26.88999938964844,26.290000915527344,26.75,1433300,26.4353640607477,B,26.469999084472658
2023-03-13,25.86000061035156,25.8700008392334,25.170000076293945,25.299999237060547,3082700,26.221466366143844,S,25.910000076293944
2023-04-11,23.600000381469727,24.049999237060547,23.540000915527344,23.71999931335449,2465400,23.573933715733823,B,23.73999954223633
2023-04-17,0.0,0.0,0.0,24.270000457763672,0,23.885819510950906,S,23.289999237060545
